Ile Montréal

Haut:

C1 = 45.460389, -73.912261
C2 = 45.481566, -73.871213
C3 = 45.502314, -73.858303
C4 = 45.514708, -73.816885
C5 = 45.510094, -73.763716
C6 = 45.532386, -73.727980
C7 = 45.550503, -73.679003
C8 = 45.583603, -73.654554
C9 = 45.615678, -73.636668
C10 = 45.632917, -73.614639
C11 = 45.656179, -73.579225
C12 = 45.677859, -73.535698


Bas:

C13 = 45.667038, -73.491276
C14 = 45.640608, -73.487594
C15 = 45.611452, -73.506042
C16 = 45.585194, -73.504891
C17 = 45.556600, -73.520480
C18 = 45.522644, -73.544316
C19 = 45.491151, -73.540989
C20 = 45.477235, -73.539926
C21 = 45.458847, -73.560192
C22 = 45.433157, -73.586312
C23 = 45.415677, -73.634897
C24 = 45.428260, -73.671697
C25 = 45.437033, -73.727809
C26 = 45.448166, -73.790579
C27 = 45.429144, -73.847198
C28 = 45.413347, -73.896313


Ile Laval

Bas:

C1 = 45.519938, -73.842120
C2 = 45.512903, -73.766762
C3 = 45.533679, -73.729557
C4 = 45.548818, -73.700689
C5 = 45.566218, -73.671048
C6 = 45.578404, -73.668013
C7 = 45.599706, -73.648615
C8 = 45.626612, -73.638688
C9 = 45.640428, -73.622223
C10 = 45.655426, -73.594680


Longueuil

C1 = 45.429633, -73.491680
C2 = 45.467042, -73.497810
C3 = 45.483721, -73.509065
C4 = 45.499111, -73.516346
C5 = 45.520529, -73.524777
C6 = 45.534812, -73.521977
C7 = 45.547992, -73.505398
C8 = 45.571531, -73.485421
